229 327
229 384
233 442
243 499
263 553
294 600
336 638
382 669
437 678
491 671
536 642
576 604
606 559
625 506
636 452
641 397
641 344
291 284
318 263
353 257
389 263
422 276
480 283
512 271
546 267
578 273
601 294
449 314
449 346
449 379
448 413
408 447
426 453
446 458
465 454
483 448
331 320
351 309
375 308
394 322
372 327
350 327
498 326
519 314
542 316
560 328
541 334
519 332
369 536
397 519
424 510
444 515
462 510
487 520
509 539
486 558
462 565
442 566
421 564
395 556
381 536
423 528
443 530
461 529
498 538
462 538
444 539
423 537
296 145
339 133
400 145
465 149
554 139
596 160
627 256
269 213
289 165
243 312
632 324
607 192
530 151
