244 344
246 399
250 456
259 513
277 566
307 612
345 648
388 677
440 685
494 678
546 653
591 619
624 578
645 527
657 472
664 417
669 361
294 290
320 266
356 262
392 269
425 285
470 294
510 280
550 276
589 283
618 312
446 315
445 347
444 380
443 415
405 448
423 453
443 458
463 453
481 448
336 321
355 310
376 311
394 324
373 325
354 325
504 329
523 320
544 322
563 332
542 334
522 332
368 541
396 525
422 515
442 520
460 516
486 525
513 543
485 550
459 556
440 557
420 555
395 549
381 539
422 531
442 532
460 531
500 540
458 534
440 536
421 534
