87 169
88 190
91 211
95 231
101 251
112 270
126 286
142 300
162 304
183 300
201 286
218 270
231 251
239 230
242 208
245 187
246 164
94 165
103 156
116 154
130 156
143 160
168 159
182 154
198 152
213 154
225 162
156 172
156 187
155 203
155 219
140 222
148 226
157 229
166 225
174 221
111 171
119 166
129 167
138 173
128 174
119 174
178 172
187 165
198 165
207 169
198 172
189 173
125 240
136 239
148 240
158 241
168 239
182 238
196 238
183 254
170 261
159 262
149 261
136 255
129 241
148 244
158 245
168 243
191 240
169 252
158 254
148 253
96 104
110 104
133 111
161 111
203 102
223 104
240 133
87 128
93 112
84 155
245 151
229 114
191 108
