142 325
141 363
143 401
148 441
157 480
176 516
202 547
233 573
275 582
321 577
363 557
402 531
432 497
450 457
457 414
462 371
464 327
155 304
169 281
194 273
222 274
249 284
299 283
331 272
365 271
396 280
418 303
273 314
271 344
268 375
265 407
238 417
253 425
270 432
290 425
309 418
187 323
202 314
220 314
239 324
220 326
201 326
324 323
343 314
362 314
380 322
362 325
343 325
209 457
232 454
254 454
273 458
293 454
321 454
354 457
323 481
295 491
274 493
253 490
231 480
218 460
254 463
273 466
293 463
344 460
294 475
274 477
254 474
169 182
194 177
236 185
292 186
376 176
417 187
454 255
146 236
160 200
140 302
463 299
430 210
352 186
