178 213
183 249
189 284
195 320
205 357
223 388
252 411
288 427
327 431
368 424
405 409
438 389
460 358
473 321
478 281
481 241
484 200
206 162
219 146
241 139
264 141
285 147
341 143
363 132
389 126
413 131
432 148
314 175
314 196
314 217
314 239
289 264
302 267
316 269
331 266
346 262
230 188
242 175
260 176
277 189
260 192
242 193
354 185
369 168
388 166
406 177
391 183
372 186
270 336
284 308
304 295
320 296
337 293
361 304
380 332
365 354
342 365
324 367
307 366
285 358
277 335
305 306
321 305
337 304
373 331
340 349
323 351
306 351
