159 197
165 238
171 278
180 318
196 355
221 387
254 412
290 430
330 435
370 426
404 405
434 377
455 343
467 304
472 263
474 222
474 182
196 166
212 147
237 138
264 138
289 146
340 144
364 133
391 128
416 135
434 152
316 175
317 196
319 218
320 240
292 266
306 269
322 272
337 268
350 263
227 187
242 176
260 175
277 186
260 189
242 190
355 182
369 168
388 167
405 176
389 181
372 183
265 327
284 309
307 300
323 302
339 298
363 304
383 319
366 347
344 360
326 363
309 362
286 352
274 326
308 312
324 312
340 310
375 320
342 342
325 344
308 344
195 65
223 52
267 54
316 51
387 43
419 56
457 123
177 114
190 79
164 186
466 170
431 78
369 50
