50 234
53 260
57 285
62 311
75 336
94 358
115 376
138 393
163 398
188 392
209 375
228 353
243 329
251 304
253 277
254 250
252 224
66 213
74 198
91 191
109 191
127 197
162 197
181 191
200 189
218 195
229 209
147 217
149 233
151 249
154 266
133 279
143 282
154 285
164 281
173 278
86 222
95 213
109 213
121 223
108 225
95 226
176 223
187 213
200 212
211 221
201 224
188 224
109 310
126 307
143 305
156 307
168 304
185 303
202 306
188 329
171 340
158 342
144 340
127 331
115 312
144 311
156 312
168 310
197 308
169 329
157 331
144 329
