120 372
124 416
130 458
137 502
155 542
184 575
223 601
264 622
307 629
350 619
390 594
428 565
456 529
470 487
476 442
480 397
482 351
145 334
164 312
194 303
225 304
255 315
321 310
352 296
385 292
417 300
442 320
289 350
290 380
290 409
291 438
260 455
276 460
294 465
313 458
330 451
184 361
203 347
226 347
246 364
225 367
202 367
340 359
359 340
382 339
403 351
384 358
361 360
215 494
244 486
275 484
298 486
320 481
353 481
388 486
358 526
325 545
301 549
277 547
244 533
225 497
276 495
298 495
321 492
377 489
323 528
299 532
276 530
156 207
186 200
234 205
295 203
381 191
419 201
467 272
130 264
147 226
118 334
476 317
436 225
358 200
