126 360
129 405
132 449
137 493
152 535
180 569
217 595
259 617
302 624
345 614
387 591
423 563
452 527
466 484
470 439
474 394
479 348
152 332
173 311
202 304
232 307
260 320
316 313
347 299
378 294
410 301
433 320
290 350
291 381
292 412
293 443
259 458
275 463
294 468
313 461
331 455
186 359
204 345
226 345
247 363
226 367
203 367
340 357
359 338
381 337
400 350
383 359
361 360
213 493
244 489
273 487
295 488
315 484
346 482
381 484
352 523
322 540
299 543
276 542
245 530
223 496
274 499
295 500
316 497
371 486
320 522
298 526
276 525
