94 238
98 267
103 295
112 325
128 350
152 370
181 387
209 400
239 401
265 392
281 370
295 347
306 323
309 295
308 269
308 243
306 219
128 221
142 206
162 199
183 198
205 200
230 201
247 194
266 192
284 195
296 209
220 218
223 235
226 252
229 269
205 285
217 287
228 290
238 285
247 281
156 229
166 223
179 221
189 227
179 231
167 232
242 222
252 214
265 212
275 217
266 222
254 223
184 325
200 315
216 311
228 312
238 308
252 309
264 314
255 331
243 339
232 342
219 342
202 337
190 325
217 317
229 317
239 315
258 316
241 329
230 333
218 333
