45 96
45 110
47 124
49 138
54 151
62 163
72 173
84 182
96 185
109 183
120 175
130 165
139 154
144 141
148 128
151 115
153 102
57 87
66 84
75 84
84 86
93 90
114 91
122 88
131 87
140 89
147 93
103 100
103 109
103 118
102 127
92 132
96 134
101 136
106 135
110 133
68 99
75 95
82 96
88 102
81 103
74 102
116 104
122 99
130 99
135 103
130 106
123 106
75 143
84 141
94 141
100 143
106 142
114 143
121 146
113 157
105 162
98 162
92 161
83 155
78 144
93 145
99 146
106 146
117 147
105 154
99 155
93 154
64 50
74 50
90 55
108 56
133 54
143 58
152 80
54 65
61 55
46 85
152 93
146 65
126 57
